0 0.1744144144144144 0.10347972972972971 0.26756756756756755 0.0581081081081081
0 0.4726126126126125 0.10179054054054054 0.24054054054054053 0.04932432432432433
0 0.7712612612612612 0.08793918918918919 0.24684684684684668 0.06486486486486485
0 0.1766666666666666 0.16530405405405404 0.25405405405405407 0.04662162162162162
0 0.4753153153153153 0.15550675675675676 0.23333333333333334 0.03783783783783786
0 0.7766666666666666 0.14435810810810812 0.2486486486486486 0.043918918918918894
0 0.1604504504504504 0.2183445945945946 0.22702702702702698 0.04054054054054053
0 0.49108108108108106 0.21429054054054053 0.281081081081081 0.04864864864864863
0 0.778018018018018 0.20179054054054052 0.24594594594594602 0.04662162162162162
0 0.16675675675675672 0.27273648648648646 0.23963963963963966 0.04797297297297295
0 0.7825225225225225 0.26158783783783784 0.24054054054054044 0.043243243243243225
0 0.1825225225225225 0.3305067567567568 0.2513513513513514 0.05135135135135137
0 0.4753153153153153 0.33016891891891886 0.22972972972972977 0.04256756756756754
0 0.7879279279279279 0.31969594594594597 0.24594594594594602 0.05405405405405407
0 0.1748648648648648 0.38625 0.236036036036036 0.04932432432432435
0 0.4775675675675675 0.38726351351351357 0.2414414414414414 0.05135135135135137
0 0.7978378378378378 0.38625 0.2585585585585585 0.04797297297297298
0 0.7919819819819819 0.4450337837837837 0.24684684684684688 0.04932432432432428
0 0.49198198198198195 0.44638513513513517 0.2612612612612612 0.05067567567567572
0 0.18207207207207204 0.44638513513513517 0.2522522522522523 0.054729729729729754
0 0.18702702702702703 0.5095608108108108 0.25495495495495496 0.05135135135135137
0 0.5005405405405404 0.5058445945945945 0.26936936936936934 0.04797297297297298
0 0.7901801801801801 0.5017905405405405 0.24504504504504496 0.05337837837837839
0 0.18342342342342338 0.5639527027027027 0.24234234234234228 0.04256756756756758
0 0.4924324324324324 0.5626013513513513 0.26756756756756755 0.05067567567567572
0 0.7973873873873873 0.5609121621621621 0.25945945945945936 0.04864864864864863
0 0.18972972972972968 0.6240878378378377 0.2513513513513514 0.06554054054054056
0 0.47801801801801796 0.6176689189189188 0.2297297297297297 0.040540540540540564
0 0.7964864864864863 0.6193581081081081 0.2612612612612613 0.05878378378378379
0 0.48207207207207203 0.2700337837837838 0.26306306306306293 0.04797297297297295