0 0.19288288288288286 0.14807432432432432 0.2612612612612612 0.07027027027027026
0 0.48072072072072064 0.15922297297297297 0.2387387387387388 0.057432432432432436
0 0.7739639639639639 0.16462837837837838 0.2612612612612613 0.06554054054054052
0 0.1924324324324324 0.2109121621621622 0.24954954954954955 0.04054054054054053
0 0.4789189189189189 0.21530405405405403 0.21351351351351355 0.043918918918918914
0 0.7712612612612612 0.2203716216216216 0.23243243243243247 0.03243243243243242
0 0.7415315315315315 0.27273648648648646 0.2342342342342342 0.034459459459459475
0 0.4771171171171171 0.27172297297297293 0.22612612612612623 0.028378378378378387
0 0.205045045045045 0.2646283783783784 0.2567567567567567 0.05878378378378375
0 0.1843243243243243 0.32307432432432437 0.2297297297297297 0.047297297297297335
0 0.48522522522522515 0.32442567567567565 0.23513513513513506 0.05135135135135137
0 0.7798198198198197 0.32679054054054046 0.24954954954954967 0.045270270270270245
0 0.7550450450450451 0.38489864864864864 0.23243243243243247 0.045270270270270314
0 0.4604504504504504 0.38388513513513517 0.21441441441441442 0.0445945945945946
0 0.18387387387387388 0.37949324324324324 0.21441441441441442 0.04256756756756758
0 0.20009009009009004 0.43320945945945943 0.23063063063063063 0.04189189189189193
0 0.48477477477477476 0.43658783783783783 0.22522522522522517 0.0513513513513513
0 0.7590990990990991 0.4318581081081081 0.1954954954954955 0.03513513513513516
0 0.7712612612612612 0.48726351351351355 0.2342342342342342 0.040540540540540564
0 0.4789189189189189 0.4953716216216216 0.22252252252252258 0.03378378378378379
0 0.19648648648648645 0.4892905405405405 0.23063063063063055 0.03918918918918919
0 0.2208108108108108 0.5426689189189189 0.29369369369369364 0.0445945945945946
0 0.49333333333333335 0.5409797297297296 0.22252252252252258 0.04797297297297298
0 0.7640540540540541 0.5406418918918918 0.21441441441441442 0.05270270270270274
0 0.7645045045045045 0.5943581081081081 0.2027027027027026 0.02770270270270274
0 0.4784684684684684 0.6061824324324324 0.22702702702702698 0.0445945945945946
0 0.20099099099099096 0.607195945945946 0.24324324324324323 0.052027027027027016
0 0.20819819819819813 0.667331081081081 0.25045045045045045 0.056081081081081126
0 0.4883783783783784 0.6561824324324325 0.22342342342342345 0.04594594594594589
0 0.7874774774774774 0.6494256756756757 0.25945945945945936 0.0513513513513513