0 0.219009009009009 0.13253378378378378 0.23243243243243236 0.04594594594594595
0 0.5154054054054054 0.13152027027027027 0.27027027027027023 0.05608108108108109
0 0.8136036036036035 0.1227364864864865 0.23963963963963977 0.04256756756756756
0 0.8163063063063063 0.1818581081081081 0.23603603603603612 0.05405405405405405
0 0.49918918918918903 0.1899662162162162 0.22702702702702698 0.03918918918918919
0 0.21360360360360356 0.19503378378378378 0.20900900900900904 0.057432432432432456
0 0.22036036036036033 0.25145270270270265 0.2243243243243243 0.0472972972972973
0 0.49918918918918914 0.24604729729729727 0.22162162162162172 0.043243243243243266
0 0.818108108108108 0.24097972972972972 0.23783783783783785 0.054729729729729754
0 0.8217117117117118 0.2980743243243243 0.2342342342342342 0.04594594594594593
0 0.5054954954954954 0.3024662162162162 0.21801801801801807 0.04797297297297295
0 0.223063063063063 0.30652027027027023 0.2297297297297297 0.04932432432432431
0 0.21855855855855855 0.36023648648648643 0.22072072072072074 0.04864864864864863
0 0.5131531531531531 0.3598986486486486 0.2243243243243243 0.06283783783783789
0 0.8163063063063063 0.3470608108108108 0.25225225225225206 0.03175675675675677
0 0.8203603603603603 0.40753378378378374 0.26036036036036025 0.059459459459459435
0 0.5145045045045045 0.4163175675675676 0.2342342342342342 0.037837837837837826
0 0.2226126126126126 0.41665540540540535 0.22342342342342345 0.054729729729729754
0 0.22171171171171172 0.4717229729729729 0.21441441441441442 0.03648648648648653
0 0.51 0.46834459459459454 0.24684684684684688 0.0554054054054054
0 0.8167567567567566 0.4703716216216216 0.24594594594594602 0.03378378378378379
0 0.827117117117117 0.5267905405405405 0.26666666666666666 0.061486486486486525
0 0.4955855855855856 0.5247635135135136 0.21981981981981988 0.04121621621621621
0 0.22216216216216214 0.5193581081081081 0.23873873873873871 0.05608108108108105
0 0.21135135135135136 0.5801689189189189 0.2315315315315315 0.03310810810810807
0 0.5149549549549548 0.5825337837837837 0.24234234234234228 0.0445945945945946
0 0.8086486486486486 0.5855743243243243 0.24054054054054064 0.052027027027027016
0 0.8109009009009008 0.6443581081081081 0.2684684684684684 0.045270270270270314
0 0.5063963963963963 0.6426689189189189 0.2432432432432433 0.054054054054054106
0 0.21045045045045044 0.6416554054054054 0.23333333333333334 0.056081081081081126