0 0.18117117117117118 0.1338851351351351 0.24324324324324323 0.06756756756756756
0 0.46360360360360353 0.13996621621621622 0.21891891891891893 0.06486486486486485
0 0.7595495495495496 0.1524662162162162 0.2054054054054054 0.05337837837837839
0 0.7545945945945945 0.20888513513513512 0.18828828828828836 0.040540540540540564
0 0.4685585585585585 0.20685810810810812 0.22162162162162152 0.05135135135135137
0 0.1586486486486486 0.19300675675675677 0.20180180180180174 0.03175675675675674
0 0.16495495495495494 0.2541554054054054 0.19639639639639636 0.05
0 0.4712612612612613 0.26733108108108106 0.2216216216216216 0.04932432432432431
0 0.7622522522522521 0.26699324324324325 0.21441441441441442 0.04864864864864863
0 0.7618018018018017 0.3281418918918919 0.22612612612612604 0.04797297297297298
0 0.4672072072072071 0.32408783783783784 0.19729729729729722 0.0331081081081081
0 0.1717117117117117 0.3166554054054054 0.21891891891891893 0.04256756756756758
0 0.19378378378378378 0.37611486486486484 0.27027027027027034 0.052027027027027016
0 0.4672072072072071 0.37273648648648644 0.19729729729729722 0.04256756756756758
0 0.759099099099099 0.37645270270270276 0.2099099099099099 0.040540540540540564
0 0.7541441441441441 0.43253378378378377 0.19459459459459444 0.05
0 0.46360360360360364 0.4328716216216216 0.18828828828828828 0.045270270270270245
0 0.15819819819819816 0.4325337837837837 0.20090090090090088 0.03378378378378379
0 0.16135135135135129 0.48996621621621617 0.2 0.04864864864864863
0 0.4699099099099098 0.48861486486486483 0.22072072072072066 0.043243243243243225
0 0.764054054054054 0.4953716216216216 0.21801801801801807 0.04864864864864863
0 0.7541441441441441 0.5528040540540541 0.2 0.03243243243243242
0 0.450990990990991 0.5457094594594595 0.20630630630630634 0.04391891891891888
0 0.16675675675675672 0.5490878378378379 0.20180180180180182 0.04256756756756758
0 0.1681081081081081 0.6102364864864864 0.2027027027027027 0.04594594594594596
0 0.45504504504504495 0.6031418918918918 0.20900900900900893 0.035810810810810806
0 0.7694594594594594 0.6031418918918918 0.23603603603603612 0.045270270270270314
0 0.7717117117117117 0.6632770270270271 0.2297297297297297 0.04932432432432435
0 0.45774774774774774 0.6680067567567568 0.18918918918918923 0.05067567567567565
0 0.16090090090090087 0.6666554054054055 0.19909909909909915 0.04391891891891888