0 0.17101761956130887 0.16010652642934195 0.21215390147428986 0.038430420711974105
0 0.454638619201726 0.15606121898597627 0.22563825961884215 0.047869471413160725
0 0.7072455951096727 0.16280339805825242 0.19687162891046384 0.047869471413160745
0 0.7023013304566702 0.21438106796116504 0.18698309960445883 0.04045307443365694
0 0.454638619201726 0.2083131067961165 0.21305285868392668 0.039104638619201715
0 0.17326501258540092 0.20932443365695794 0.19687162891046395 0.04112729234088456
0 0.1822545846817691 0.2632618662351672 0.236425746134484 0.04112729234088456
0 0.44430061129090254 0.2578681229773463 0.1905789284430062 0.03303667745415319
0 0.7193815174397699 0.26427319309600866 0.2229413879899318 0.0552858683926645
0 0.7252247393024093 0.3178735167206041 0.20586120100683203 0.02764293419633227
0 0.44924487594390505 0.31180555555555556 0.20406328658755848 0.038430420711974105
0 0.17461344839985615 0.3178735167206041 0.20676015821646895 0.04247572815533979
0 0.1759618842143114 0.3670914239482201 0.19687162891046395 0.03708198489751887
0 0.45868392664509167 0.36945118662351667 0.20676015821646895 0.04989212513484355
0 0.7418554476806904 0.3627090075512405 0.22653721682847888 0.03775620280474649
0 0.7378101402373247 0.4112526968716289 0.21664868752247385 0.03505933117583603
0 0.45239122617763394 0.42204018338727073 0.19777058612010076 0.03640776699029126
0 0.1714670981661273 0.41698354908306356 0.20586120100683214 0.03573354908306364
0 0.15483638978784608 0.47530339805825245 0.17080186983099607 0.05798274002157492
0 0.46317871269327576 0.4702467637540453 0.20136641495864804 0.05056634304207116
0 0.7481481481481481 0.46417880258899674 0.20496224379719521 0.04921790722761593
0 0.7638798993167925 0.5268810679611651 0.25800071916576756 0.045172599784250325
0 0.47216828478964395 0.5282295037756203 0.21754764473211077 0.05191477885652647
0 0.17371449119021934 0.5396912081984897 0.21395181589356352 0.055960086299892076
0 0.18315354189140592 0.6040790183387271 0.23103200287666306 0.04989212513484355
0 0.47171880618482553 0.5926173139158576 0.22204243078029487 0.05258899676375409
0 0.7548903272204243 0.5808185005393743 0.22024451636102113 0.04247572815533979
0 0.7787126932758001 0.6414981121898597 0.25170801869831 0.05326321467098162
0 0.4780115066522833 0.6583535598705501 0.2184466019417475 0.057308522114347386
0 0.1759618842143114 0.6627359762675297 0.20226537216828486 0.062028047464940686