0 0.205045045045045 0.09908783783783782 0.22072072072072074 0.06689189189189189
0 0.2000900900900901 0.15483108108108107 0.22882882882882882 0.04594594594594593
0 0.19648648648648645 0.20854729729729726 0.23063063063063055 0.039864864864864874
0 0.21630630630630623 0.26530405405405405 0.23783783783783785 0.04256756756756758
0 0.19198198198198194 0.32239864864864864 0.20180180180180174 0.031081081081081086
0 0.19603603603603598 0.37780405405405404 0.22612612612612612 0.047297297297297265
0 0.18882882882882876 0.43726351351351345 0.21171171171171171 0.03918918918918919
0 0.19873873873873868 0.4946959459459459 0.2027027027027027 0.03243243243243242
0 0.2005405405405405 0.550777027027027 0.20810810810810806 0.047297297297297265
0 0.20009009009009004 0.6139527027027026 0.23783783783783774 0.04932432432432435
0 0.4883783783783783 0.6156418918918919 0.24504504504504504 0.05135135135135137
0 0.4843243243243243 0.5484121621621622 0.23333333333333334 0.06013513513513509
0 0.4739639639639639 0.48050675675675675 0.236036036036036 0.054054054054054106
0 0.4870270270270269 0.4230743243243243 0.20450450450450441 0.04594594594594596
0 0.4892792792792793 0.3686824324324324 0.23063063063063075 0.04662162162162162
0 0.48072072072072064 0.31260135135135136 0.21531531531531528 0.039864864864864874
0 0.4802702702702703 0.2534797297297297 0.21981981981981988 0.0527027027027027
0 0.49468468468468474 0.19402027027027025 0.2486486486486487 0.04054054054054053
0 0.48657657657657655 0.1355743243243243 0.23963963963963966 0.049324324324324334
0 0.48477477477477476 0.07070945945945946 0.2522522522522523 0.05067567567567568
0 0.7924324324324323 0.060574324324324316 0.24234234234234217 0.05878378378378378
0 0.7933333333333332 0.12442567567567567 0.24054054054054044 0.041891891891891894
0 0.7928828828828829 0.18320945945945943 0.26306306306306304 0.04594594594594593
0 0.7825225225225224 0.24233108108108106 0.23333333333333334 0.043918918918918914
0 0.7879279279279279 0.30449324324324323 0.21171171171171163 0.03851351351351354
0 0.8072972972972973 0.3595608108108108 0.2702702702702701 0.0554054054054054
0 0.7901801801801801 0.42645270270270275 0.23603603603603593 0.04864864864864863
0 0.7883783783783784 0.4842229729729729 0.22522522522522517 0.045270270270270245
0 0.7843243243243243 0.5497635135135135 0.2441441441441441 0.052027027027027016
0 0.7955855855855855 0.6142905405405404 0.21621621621621614 0.0513513513513513