0 0.2077477477477477 0.15820945945945944 0.2459459459459459 0.06216216216216216
0 0.20819819819819813 0.22341216216216214 0.25045045045045045 0.05743243243243242
0 0.2113513513513513 0.27847972972972973 0.22792792792792796 0.03378378378378379
0 0.20774774774774774 0.33354729729729726 0.22792792792792796 0.04256756756756754
0 0.20549549549549548 0.39266891891891886 0.2198198198198198 0.03918918918918919
0 0.21180180180180178 0.45483108108108106 0.21801801801801796 0.047297297297297265
0 0.21270270270270264 0.5159797297297297 0.23063063063063063 0.045270270270270245
0 0.21090090090090086 0.5707094594594594 0.23963963963963958 0.03986486486486484
0 0.21675675675675674 0.6251013513513513 0.24414414414414418 0.043243243243243225
0 0.20369369369369367 0.6926689189189189 0.21621621621621614 0.052702702702702595
0 0.5036936936936937 0.6818581081081081 0.22342342342342345 0.04459459459459453
0 0.4982882882882883 0.6159797297297297 0.21441441441441442 0.03310810810810807
0 0.5018918918918919 0.5629391891891892 0.21621621621621623 0.06351351351351348
0 0.4951351351351351 0.4970608108108108 0.22792792792792804 0.0641891891891892
0 0.5059459459459458 0.4409797297297297 0.2315315315315315 0.04391891891891895
0 0.4969369369369369 0.3889527027027027 0.24054054054054044 0.04391891891891895
0 0.5072972972972973 0.3288175675675676 0.2414414414414415 0.04662162162162165
0 0.5000900900900901 0.2774662162162162 0.20900900900900904 0.03851351351351351
0 0.5081981981981982 0.2264527027027027 0.22162162162162172 0.04864864864864863
0 0.4996396396396396 0.1622635135135135 0.2315315315315315 0.043243243243243246
0 0.7843243243243243 0.16429054054054057 0.24594594594594582 0.041891891891891894
0 0.7834234234234233 0.22375 0.2297297297297297 0.041891891891891894
0 0.7748648648648648 0.2794932432432432 0.2126126126126127 0.03716216216216218
0 0.7928828828828828 0.32983108108108106 0.25045045045045033 0.04459459459459463
0 0.7933333333333332 0.38861486486486485 0.2765765765765766 0.0486486486486487
0 0.7906306306306307 0.44402027027027025 0.2585585585585585 0.031081081081081124
0 0.7825225225225225 0.49773648648648644 0.236936936936937 0.052027027027027016
0 0.7892792792792792 0.554831081081081 0.23243243243243247 0.04054054054054049
0 0.7879279279279279 0.6153040540540541 0.19909909909909915 0.045270270270270314
0 0.7919819819819819 0.67375 0.2 0.05270270270270274