0 0.24198198198198195 0.15888513513513514 0.24234234234234237 0.04594594594594595
0 0.24873873873873872 0.2166554054054054 0.23063063063063055 0.03716216216216218
0 0.23657657657657652 0.27780405405405406 0.2603603603603603 0.028378378378378387
0 0.2406306306306306 0.32307432432432437 0.23783783783783774 0.05135135135135137
0 0.237027027027027 0.38118243243243244 0.20360360360360366 0.031081081081081124
0 0.22981981981981975 0.43692567567567564 0.236036036036036 0.03986486486486484
0 0.24603603603603597 0.4926689189189189 0.2558558558558558 0.043243243243243225
0 0.2334234234234234 0.5484121621621622 0.2468468468468468 0.04391891891891895
0 0.2343243243243243 0.602804054054054 0.23963963963963958 0.04054054054054049
0 0.2293693693693693 0.6642905405405406 0.23693693693693688 0.04594594594594596
0 0.5239639639639639 0.6588851351351351 0.27477477477477485 0.04594594594594596
0 0.5338738738738737 0.5963851351351351 0.2531531531531531 0.052027027027027016
0 0.5257657657657657 0.538277027027027 0.24054054054054044 0.04391891891891895
0 0.5239639639639638 0.4771283783783784 0.2675675675675676 0.0432432432432433
0 0.5217117117117117 0.4234121621621621 0.24504504504504496 0.04391891891891895
0 0.5217117117117117 0.3676689189189189 0.2522522522522523 0.047297297297297335
0 0.5257657657657657 0.31293918918918917 0.24774774774774774 0.04594594594594596
0 0.5199099099099099 0.25652027027027025 0.2522522522522522 0.04932432432432431
0 0.514054054054054 0.2075337837837838 0.25495495495495485 0.032432432432432455
0 0.5077477477477478 0.1578716216216216 0.29819819819819826 0.035810810810810806
0 0.8068468468468469 0.14638513513513512 0.26216216216216215 0.05337837837837837
0 0.8041441441441441 0.20179054054054052 0.24954954954954967 0.04662162162162162
0 0.8176576576576575 0.2642905405405405 0.26756756756756755 0.05135135135135137
0 0.8113513513513513 0.3180067567567567 0.24774774774774774 0.03445945945945944
0 0.8086486486486486 0.36462837837837836 0.2603603603603604 0.04391891891891895
0 0.8054954954954954 0.4254391891891892 0.27927927927927937 0.04256756756756758
0 0.8194594594594594 0.4842229729729729 0.2801801801801802 0.0317567567567567
0 0.8185585585585585 0.5369256756756756 0.2801801801801802 0.052027027027027085
0 0.8239639639639639 0.59875 0.26936936936936945 0.04189189189189186
0 0.8154054054054053 0.6555067567567567 0.2612612612612613 0.04864864864864856