0 0.2916666666666667 0.205176116838488 0.1823214967544863 0.033648339060710186
0 0.5274436807941962 0.19730097365406646 0.17659411989308899 0.035080183276059565
0 0.7479476899579993 0.18906786941580758 0.16895761741122559 0.03865979381443301
0 0.29739404352806414 0.2509951317296678 0.18232149675448642 0.040807560137457025
0 0.5140798014509356 0.24383591065292098 0.16704849179075995 0.025057273768613955
0 0.7522432226040474 0.23452892325315006 0.1890034364261169 0.030784650630011453
0 0.2969167621229477 0.29144473081328753 0.18327605956471935 0.028636884306987378
0 0.5241027109583811 0.28643327605956476 0.16800305460099277 0.02720504009163803
0 0.7598797250859106 0.27820017182130585 0.18327605956471935 0.033648339060710186
0 0.2959621993127148 0.334758018327606 0.17373043146239012 0.032216494845360835
0 0.5379438717067583 0.3322522909507446 0.20523100420007648 0.03865979381443303
0 0.7656071019473081 0.3268828751431844 0.18518518518518517 0.036512027491408916
0 0.2973940435280642 0.3805770332187858 0.16704849179075995 0.033648339060710145
0 0.5288755250095457 0.3727018900343643 0.19663993890798026 0.032216494845360835
0 0.7541523482245133 0.3701961626575029 0.1813669339442535 0.03293241695303553
0 0.3016895761741123 0.43033361970217643 0.1890034364261169 0.0357961053837343
0 0.5317392134402444 0.4221005154639176 0.18709431080565103 0.025057273768613993
0 0.7646525391370752 0.4174470217640321 0.18709431080565103 0.022909507445589918
0 0.2907121038564338 0.4700672966781214 0.1765941198930891 0.0264891179839633
0 0.5274436807941963 0.46111827033218794 0.18613974799541821 0.0357961053837343
0 0.7579705994654449 0.4614762313860252 0.1775486827033218 0.04080756013745699
0 0.28450744558991986 0.5173181557846506 0.1641848033600612 0.02935280641466207
0 0.5221935853379154 0.5151703894616266 0.1813669339442535 0.027920962199312685
0 0.7627434135166095 0.5158863115693012 0.17563955708285617 0.03508018327605961
0 0.2973940435280642 0.5660008591065292 0.19759450171821308 0.030784650630011453
0 0.5288755250095457 0.556335910652921 0.20045819014891195 0.03293241695303553
0 0.7746754486445208 0.5634951317296678 0.17850324551355484 0.037227949599083605
0 0.2926212294768996 0.6143256013745705 0.19186712485681554 0.03293241695303553
0 0.5283982436044292 0.6179052119129439 0.19950362733867893 0.04009163802978238
0 0.7713344788087056 0.6143256013745705 0.18518518518518517 0.04009163802978238