0 0.30693967163039326 0.2703250286368843 0.20904925544100805 0.04510309278350518
0 0.5403302787323406 0.2731887170675831 0.21382206949217245 0.030784650630011453
0 0.7584478808705614 0.271040950744559 0.18804887361588407 0.030784650630011453
0 0.304553264604811 0.3150701603665521 0.18327605956471946 0.0243413516609393
0 0.535557464681176 0.31542812142038945 0.1813669339442535 0.02648911798396334
0 0.7627434135166095 0.31363831615120275 0.19282168766704857 0.028636884306987416
0 0.3088487972508591 0.3594573310423826 0.20904925544100805 0.03006872852233676
0 0.5360347460862925 0.36160509736540664 0.19568537609774722 0.028636884306987378
0 0.7679935089728904 0.3594573310423826 0.20332187857961062 0.018613974799541803
0 0.29739404352806414 0.4024126575028637 0.1899579992363498 0.028636884306987378
0 0.54176212294769 0.4049183848797251 0.20141275295914476 0.02648911798396338
0 0.7684707903780068 0.4049183848797251 0.20427644138984344 0.02362542955326461
0 0.2973940435280641 0.44644186712485684 0.19186712485681554 0.02362542955326461
0 0.5288755250095457 0.453959049255441 0.18518518518518517 0.028636884306987378
0 0.772766323024055 0.45252720504009164 0.21668575792287134 0.025773195876288686
0 0.29453035509736536 0.4933347651775487 0.19759450171821297 0.03865979381443299
0 0.5326937762504774 0.4983462199312715 0.19282168766704857 0.028636884306987378
0 0.767516227567774 0.4954825315005727 0.21573119511263852 0.021477663230240533
0 0.29262122947689956 0.5413015463917525 0.20141275295914468 0.03579610538373422
0 0.5326937762504773 0.5441652348224513 0.20045819014891175 0.025773195876288686
0 0.7756300114547539 0.544881156930126 0.21668575792287134 0.028636884306987378
0 0.2849847269950363 0.5910581328751432 0.20141275295914476 0.033648339060710145
0 0.5255345551737304 0.5896262886597938 0.1899579992363497 0.027920962199312765
0 0.7756300114547539 0.5921320160366552 0.22050400916380303 0.031500572737686146
0 0.2754390988927071 0.6397408361970218 0.20904925544100805 0.03508018327605961
0 0.5288755250095457 0.6404567583046964 0.19663993890798026 0.030784650630011453
0 0.7789709812905689 0.6440363688430699 0.22145857197403584 0.03221649484536076
0 0.2792573501336389 0.6898553837342497 0.20332187857961062 0.033648339060710145
0 0.5264891179839635 0.6941509163802979 0.21286750668193985 0.04223940435280645
0 0.7699026345933563 0.6945088774341353 0.18804887361588385 0.03293241695303553