0 0.2878484154257351 0.21591494845360823 0.15368461244749904 0.02648911798396334
0 0.5107388316151202 0.20481815578465062 0.1813669339442535 0.024341351660939262
0 0.7465158457426498 0.19228951890034365 0.1813669339442535 0.03508018327605955
0 0.2950076365024819 0.25922823596792666 0.17754868270332191 0.025773195876288648
0 0.5011932035127913 0.24848940435280645 0.16418480336006108 0.025773195876288648
0 0.7379247804505538 0.2381085337915235 0.17563955708285595 0.03364833906071022
0 0.2950076365024819 0.297172107674685 0.1813669339442536 0.02720504009163803
0 0.5107388316151202 0.29574026345933563 0.16418480336006108 0.03293241695303553
0 0.740311187476136 0.28177978235967927 0.15750286368843072 0.04223940435280641
0 0.2911893852615502 0.3433490836197022 0.18709431080565092 0.02935280641466207
0 0.5064432989690721 0.34120131729667813 0.18041237113402067 0.02935280641466211
0 0.7546296296296298 0.33440005727376865 0.20332187857961062 0.031500572737686146
0 0.2725754104620084 0.3931056701030928 0.15941198930889658 0.03293241695303553
0 0.502147766323024 0.38952605956471936 0.1775486827033218 0.028636884306987458
0 0.7417430316914854 0.3845146048109966 0.17182130584192448 0.028636884306987378
0 0.27925735013363884 0.43677691867124857 0.18041237113402056 0.03006872852233676
0 0.5011932035127913 0.43677691867124857 0.16800305460099277 0.03293241695303553
0 0.7570160366552119 0.43319730813287516 0.20236731576937758 0.031500572737686146
0 0.2716208476517755 0.4808061282932417 0.1861397479954181 0.029352806414662147
0 0.5002386407025582 0.4836698167239405 0.19282168766704857 0.032216494845360835
0 0.7384020618556701 0.4822379725085911 0.1727758686521575 0.029352806414662147
0 0.26255250095456284 0.5266251431844216 0.1851851851851851 0.03937571592210768
0 0.49928407789232526 0.5319945589919817 0.16227567773959525 0.0357961053837343
0 0.7407884688812524 0.5362900916380298 0.17945780832378766 0.03865979381443299
0 0.25443871706758303 0.5745919243986255 0.1727758686521572 0.037943871706758295
0 0.48687476135929736 0.5785294959908363 0.16227567773959525 0.028636884306987378
0 0.7426975945017182 0.5838989117983964 0.177548682703322 0.040807560137457066
0 0.25109774723176786 0.62112686139748 0.19473081328751432 0.033648339060710145
0 0.502147766323024 0.624348510882016 0.2061855670103093 0.0357961053837343
0 0.7307655593738067 0.6397408361970218 0.19186712485681554 0.043671248568155754