0 0.17186903398243608 0.2058920389461627 0.23291332569683082 0.0322164948453608
0 0.415282550591829 0.193721363115693 0.21382206949217267 0.046534936998854505
0 0.6477185948835434 0.20374427262313863 0.19186712485681554 0.035080183276059565
0 0.17616456662848418 0.24920532646048107 0.23004963726613215 0.034364261168384876
0 0.4233963344788087 0.24240406643757162 0.20904925544100794 0.032216494845360835
0 0.6391275295914473 0.24347794959908362 0.18232149675448653 0.040091638029782335
0 0.17568728522336766 0.29931987399770904 0.22909507445589913 0.03006872852233676
0 0.4238736158839252 0.2875071592210767 0.21954944635357 0.030784650630011453
0 0.6754009163802979 0.2839275486827033 0.22241313478426866 0.030784650630011453
0 0.18189194348988166 0.34299112256586484 0.24341351660939298 0.027205040091638072
0 0.437237495227186 0.33404209621993125 0.24245895379915994 0.032216494845360835
0 0.6668098510882017 0.33046248568155784 0.19568537609774722 0.03364833906071022
0 0.19764222985872473 0.3920317869415808 0.253913707521955 0.03651202749140899
0 0.44344215349369986 0.3823668384879725 0.22241313478426886 0.045819014891179836
0 0.6816055746468118 0.37520761741122566 0.21000381825124076 0.03865979381443299
0 0.1919148529973272 0.4435781786941581 0.24245895379915994 0.036512027491408916
0 0.43866933944253533 0.4314075028636885 0.22432226040473452 0.03364833906071022
0 0.7088106147384499 0.4213845933562429 0.2625047728140512 0.03508018327605953
0 0.18666475754104622 0.49584049255441015 0.22623138602520046 0.032216494845360835
0 0.4443967163039328 0.48474369988545246 0.22623138602520035 0.03006872852233676
0 0.70069683085147 0.47185710194730807 0.23864070255822825 0.03579610538373422
0 0.19096029018709434 0.5502505727376862 0.25582283314242077 0.030784650630011453
0 0.45489690721649484 0.5294888316151203 0.23768613974799543 0.03364833906071022
0 0.6973558610156548 0.5201818442153494 0.22432226040473452 0.04223940435280645
0 0.18714203894616263 0.6010810423825887 0.25200458190148906 0.03508018327605961
0 0.44773768613974807 0.583540950744559 0.20045819014891175 0.03293241695303553
0 0.7140607101947308 0.5756658075601374 0.23482245131729676 0.04152348224513176
0 0.1923921344024437 0.6558490836197022 0.24723176785032466 0.04725085910652922
0 0.4558514700267279 0.6415306414662085 0.23386788850706375 0.05297823596792668
0 0.7169243986254297 0.631507731958763 0.23291332569683093 0.03865979381443299