0 0.26684803360061093 0.21519902634593358 0.22241313478426877 0.03937571592210768
0 0.514557082856052 0.2094716494845361 0.21954944635357 0.02935280641466211
0 0.7474704085528828 0.20589203894616265 0.20236731576937758 0.02362542955326461
0 0.2740072546773578 0.2617339633447881 0.2195494463535701 0.030784650630011453
0 0.5159889270714013 0.25672250859106527 0.23386788850706375 0.025057273768613993
0 0.7503340969835817 0.25385882016036654 0.2119129438717068 0.025057273768613993
0 0.27114356624665903 0.30755297823596794 0.23100420007636496 0.02935280641466207
0 0.5150343642611684 0.3061211340206186 0.2243222604047347 0.02935280641466211
0 0.7527205040091639 0.30218356242840777 0.22050400916380303 0.031500572737686146
0 0.2678025964108438 0.3522981099656357 0.23386788850706375 0.034364261168384876
0 0.5069205803741885 0.3558777205040092 0.2061855670103093 0.024341351660939262
0 0.7536750668193968 0.34907646048109964 0.2319587628865979 0.022193585337915225
0 0.25587056128293245 0.4027706185567011 0.22909507445589933 0.032216494845360835
0 0.5073978617793051 0.4067081901489118 0.21477663230240548 0.028636884306987378
0 0.757016036655212 0.39811712485681555 0.22145857197403584 0.03006872852233676
0 0.26207521954944635 0.4528851660939289 0.22241313478426886 0.027920962199312685
0 0.5064432989690723 0.45073739977090493 0.22050400916380303 0.033648339060710145
0 0.7598797250859106 0.44930555555555557 0.22527682321496753 0.02935280641466207
0 0.2596888125238641 0.49942010309278356 0.2443680794196258 0.040807560137457066
0 0.5116933944253533 0.5015678694158076 0.23482245131729676 0.027920962199312685
0 0.7613115693012601 0.5019258304696449 0.2243222604047347 0.03436426116838492
0 0.24584765177548684 0.5523983390607102 0.22623138602520046 0.03508018327605953
0 0.5097842688048875 0.5516824169530355 0.2367315769377624 0.040807560137457066
0 0.7651298205421918 0.5559779495990836 0.23768613974799543 0.02935280641466207
0 0.24537037037037043 0.6025128865979381 0.24627720504009173 0.043671248568155754
0 0.5050114547537228 0.606450458190149 0.21382206949217245 0.034364261168384834
0 0.7694253531882399 0.6075243413516609 0.24627720504009162 0.0264891179839633
0 0.23964299350897295 0.6597866552119129 0.2405498281786943 0.03937571592210768
0 0.5040568919434899 0.6579968499427262 0.2271859488354334 0.037227949599083605
0 0.7694253531882398 0.664082187857961 0.24054982817869408 0.04510309278350514