0 0.3236445208094693 0.18978379152348224 0.2119129438717068 0.03865979381443297
0 0.5579896907216495 0.1776131156930126 0.2071401298205423 0.028636884306987416
0 0.7928121420389462 0.17224369988545246 0.2071401298205423 0.0336483390607102
0 0.32125811378388697 0.23238115693012598 0.19759450171821308 0.02362542955326461
0 0.558466972126766 0.22808562428407791 0.2157311951126383 0.02648911798396334
0 0.7889938907980145 0.21913659793814436 0.18232149675448653 0.031500572737686146
0 0.3255536464299351 0.2767683276059565 0.23864070255822836 0.036512027491408916
0 0.5708762886597939 0.2749785223367697 0.23100420007636507 0.028636884306987416
0 0.7932894234440626 0.2685352233676976 0.177548682703322 0.037227949599083605
0 0.32030355097365404 0.323303264604811 0.23004963726613203 0.036512027491408916
0 0.558466972126766 0.32437714776632304 0.22336769759450167 0.031500572737686146
0 0.7971076746849942 0.32151345933562425 0.20236731576937758 0.03579610538373426
0 0.310757922871325 0.37091208476517756 0.23386788850706383 0.03293241695303553
0 0.5603760977472318 0.37162800687285225 0.22336769759450167 0.040091638029782335
0 0.8109488354333716 0.3687643184421535 0.22623138602520057 0.03579610538373426
0 0.3016895761741123 0.4181629438717067 0.21000381825124098 0.034364261168384834
0 0.5618079419625812 0.4188788659793815 0.2281405116456664 0.032932416953035455
0 0.8133352424589538 0.4174470217640321 0.22336769759450167 0.03006872852233676
0 0.2988258877434135 0.4661297250859107 0.20427644138984344 0.03865979381443299
0 0.5556032836960673 0.47042525773195876 0.22145857197403584 0.031500572737686146
0 0.8066533027873235 0.4686354524627721 0.22336769759450167 0.036512027491408916
0 0.3078942344406262 0.5169601947308133 0.23768613974799532 0.042955326460481065
0 0.5579896907216496 0.516602233676976 0.22241313478426886 0.03651202749140899
0 0.8066533027873235 0.5194659221076747 0.21191294387170662 0.032216494845360835
0 0.29548491790759834 0.5685065864833907 0.23577701412752958 0.03579610538373422
0 0.5541714394807178 0.574233963344788 0.22050400916380303 0.04438717067583053
0 0.8128579610538373 0.5720861970217641 0.21668575792287134 0.04009163802978238
0 0.29643948071783127 0.6193370561282933 0.23386788850706375 0.04009163802978238
0 0.5661034746086293 0.6272121993127148 0.2405498281786943 0.04438717067583045
0 0.8161989308896526 0.6254223940435281 0.22527682321496753 0.03937571592210768