0 0.31171248568155796 0.27354667812142036 0.18041237113402067 0.02720504009163803
0 0.5675353188239786 0.27641036655211915 0.2281405116456662 0.027205040091637992
0 0.7808801069110347 0.26638745704467354 0.19091256204658272 0.040091638029782335
0 0.3145761741122566 0.3172179266895762 0.18232149675448642 0.03293241695303549
0 0.5536941580756014 0.31650200458190153 0.19854906452844612 0.025773195876288648
0 0.7837437953417336 0.3139962772050401 0.19091256204658252 0.037943871706758295
0 0.3083715158457427 0.36339490263459334 0.1813669339442535 0.02935280641466211
0 0.5441485299732722 0.36554266895761744 0.1985490645284459 0.030784650630011415
0 0.7789709812905689 0.36303694158075606 0.20427644138984344 0.03436426116838492
0 0.3045532646048111 0.40921391752577324 0.1947308132875144 0.02935280641466207
0 0.547012218403971 0.4117196449026346 0.2023673157693778 0.03150057273768607
0 0.771811760213822 0.414225372279496 0.17659411989308899 0.025057273768613993
0 0.3107579228713249 0.45073739977090493 0.1899579992363497 0.027920962199312765
0 0.5465349369988546 0.4571806987399771 0.21286750668193963 0.02935280641466207
0 0.7694253531882398 0.4589705040091638 0.1775486827033218 0.025773195876288686
0 0.3031214203894617 0.4951245704467354 0.1765941198930891 0.02935280641466207
0 0.5388984345169913 0.5019258304696449 0.20523100420007626 0.03293241695303553
0 0.7713344788087056 0.508369129438717 0.1775486827033218 0.027205040091637992
0 0.2973940435280642 0.5402276632302406 0.20523100420007648 0.03508018327605961
0 0.5360347460862924 0.5509664948453609 0.20141275295914476 0.03508018327605953
0 0.7689480717831234 0.557409793814433 0.18041237113402067 0.03508018327605953
0 0.28880297823596796 0.5953536655211914 0.1937762504772815 0.03508018327605961
0 0.5269663993890799 0.5996491981672394 0.1890034364261169 0.03508018327605961
0 0.7627434135166095 0.6050186139747996 0.19663993890798026 0.032932416953035455
0 0.29023482245131726 0.6447522909507446 0.1851851851851851 0.036512027491408916
0 0.5293528064146621 0.6479739404352807 0.1937762504772814 0.03293241695303553
0 0.7651298205421918 0.6597866552119129 0.17468499427262313 0.033648339060710145
0 0.2816437571592211 0.6941509163802979 0.17945780832378774 0.04223940435280645
0 0.5283982436044292 0.7020260595647194 0.20332187857961062 0.03937571592210768
0 0.7536750668193967 0.714196735395189 0.18232149675448653 0.03364833906071022