0 0.25968881252386405 0.18477233676975946 0.1909125620465826 0.0243413516609393
0 0.4878293241695304 0.17546534936998853 0.17945780832378766 0.018613974799541824
0 0.756061473844979 0.1615048682703322 0.18709431080565103 0.040807560137457025
0 0.23916571210385643 0.23345504009163803 0.1651393661702939 0.03293241695303553
0 0.496897670866743 0.22450601374570445 0.18804887361588385 0.0322164948453608
0 0.7670389461626576 0.20911368843069872 0.20904925544100816 0.031500572737686146
0 0.2520523100420008 0.284643470790378 0.18327605956471946 0.02648911798396334
0 0.496897670866743 0.2778422107674685 0.18613974799541821 0.02720504009163803
0 0.756061473844979 0.26495561282932417 0.20427644138984344 0.042955326460481065
0 0.2425066819396717 0.33440005727376865 0.19282168766704857 0.03293241695303553
0 0.5050114547537228 0.32795675830469645 0.2195494463535702 0.03006872852233676
0 0.7555841924398625 0.31936569301260026 0.1899579992363499 0.031500572737686146
0 0.2510977472317678 0.3827247995418099 0.20045819014891175 0.030784650630011453
0 0.5164662084765178 0.37699742268041236 0.24245895379916016 0.02935280641466207
0 0.7617888507063765 0.37449169530355103 0.2023673157693778 0.03579610538373422
0 0.2377338678885071 0.43534507445589915 0.19663993890798004 0.04725085910652914
0 0.49785223367697595 0.4299756586483391 0.21859488354333717 0.03508018327605961
0 0.7679935089728904 0.4292597365406644 0.23386788850706375 0.02362542955326461
0 0.23152920962199314 0.48724942726231385 0.19950362733867893 0.030784650630011453
0 0.5026250477281405 0.4908290378006873 0.20904925544100794 0.03508018327605953
0 0.7665616647575411 0.4840277777777778 0.22527682321496753 0.03293241695303553
0 0.22818823978617792 0.5395117411225658 0.208094692630775 0.042239404352806376
0 0.4906930126002292 0.5391537800687285 0.21382206949217267 0.03006872852233676
0 0.767516227567774 0.5481028064146621 0.23864070255822825 0.03364833906071022
0 0.23105192821687662 0.5917740549828179 0.21954944635357 0.04223940435280645
0 0.4887838869797632 0.593921821305842 0.22909507445589922 0.03794387170675838
0 0.7708571974035892 0.6046606529209622 0.21286750668193963 0.03508018327605953
0 0.21148339060710192 0.6547752004581902 0.22050400916380292 0.05655784650630006
0 0.4954658266513937 0.6497637457044674 0.2329133256968307 0.03508018327605953
0 0.7708571974035893 0.6626503436426117 0.23004963726613226 0.030784650630011453